500
3 3 2
2 2
3 1
1 2
109 3 2
37 3
79 1
96 1
147 3 2
15 2
38 3
120 1
3 3 2
1 1
2 2
1 2
276 3 2
161 3
177 2
89 2
97 274 2
70 76
62 269
85 57
3 34 2
1 8
2 22
3 16
149 7 2
41 2
121 7
117 1
242 112 2
199 104
223 111
187 1
4 3 2
1 1
4 3
4 1
3 82 2
1 80
2 68
2 54
4 4 2
3 2
4 2
2 2
3 3 2
1 1
2 3
2 1
204 268 1
4 197
14 18
163 247 2
54 21
30 203
133 149
4 3 2
4 2
1 1
4 3
3 292 2
2 41
3 147
1 95
3 3 2
2 2
2 3
1 3
40 161 2
4 99
7 151
3 24
3 295 2
2 275
3 128
2 162
3 5 2
1 1
3 2
3 1
4 4 2
1 1
2 1
4 1
3 3 2
3 1
3 2
1 2
71 87 2
36 44
1 87
71 1
4 4 2
1 1
4 4
2 2
228 109 2
106 51
114 80
153 61
260 248 2
212 121
112 198
193 141
3 4 2
3 1
1 3
2 1
99 3 2
18 3
75 1
20 2
4 4 2
4 2
1 4
4 3
3 3 2
1 1
2 2
1 2
3 3 2
1 3
2 1
3 3
40 255 2
18 189
18 91
15 75
193 291 2
22 179
60 194
4 5
94 26 2
29 21
61 19
22 19
3 120 2
3 114
2 58
3 26
227 3 2
138 3
72 2
86 3
166 179 2
10 48
21 162
151 116
67 25 2
32 10
66 3
21 18
149 123 2
16 106
78 24
139 123
4 4 2
1 4
1 3
3 1
100 197 2
9 189
63 138
11 143
3 21 2
1 1
1 14
3 11
3 267 2
2 189
3 88
3 150
3 3 2
1 3
3 1
1 1
4 4 2
3 2
3 4
1 3
197 139 2
32 118
192 40
37 69
239 96 2
163 43
97 71
186 81
3 25 2
2 23
3 20
2 14
101 3 2
33 3
15 3
23 1
293 132 2
260 47
284 23
194 17
4 4 2
4 2
4 4
2 4
225 175 2
60 166
196 157
113 58
227 108 2
130 95
110 48
70 12
264 242 2
93 189
161 12
189 41
19 3 2
10 2
1 1
2 2
254 32 2
29 17
40 5
204 24
118 292 2
30 213
17 71
81 234
3 3 2
3 3
3 2
1 1
4 3 2
2 1
4 3
3 1
252 238 2
34 111
161 186
18 176
53 220 2
34 30
38 1
3 7
257 294 2
117 290
188 102
74 103
179 279 2
173 19
21 242
166 168
4 4 2
3 1
2 4
4 2
298 3 2
101 2
276 1
259 1
90 125 2
31 64
79 107
63 117
55 4 2
27 3
37 4
35 2
4 4 2
1 2
4 3
2 2
3 3 2
3 2
1 1
2 2
3 3 1
1 1
2 2
180 3 2
75 3
1 3
112 2
3 3 2
2 1
1 3
3 1
3 3 2
3 2
1 2
3 3
3 3 2
2 3
1 1
2 2
222 107 2
187 74
94 24
176 107
167 275 2
156 193
68 262
69 122
241 3 2
6 2
229 3
155 3
39 244 2
16 175
37 13
9 74
116 50 2
5 11
37 48
44 11
3 10 2
2 10
1 9
3 9
71 87 2
36 44
1 87
71 1
165 246 2
152 104
5 76
84 97
58 3 2
6 1
16 3
38 2
114 3 2
14 2
40 3
37 1
43 22 2
28 12
12 20
35 16
171 234 2
58 26
69 153
83 50
7 7 2
4 4
1 7
2 7
184 238 2
179 45
137 177
183 9
4 3 2
4 3
1 1
3 1
137 67 2
30 31
103 54
33 45
3 3 2
2 1
2 2
3 2
4 3 2
3 2
4 3
1 2
64 282 2
2 87
4 194
33 181
226 192 2
159 49
92 183
34 57
3 3 2
3 1
2 1
3 2
3 3 2
2 3
2 2
1 2
3 3 2
1 2
2 3
2 1
3 3 2
2 2
1 3
1 1
236 226 2
138 207
234 63
75 17
196 103 2
55 12
31 70
68 53
3 3 2
3 2
3 1
2 1
132 100 2
130 66
65 58
62 60
223 130 2
95 101
196 15
9 117
3 3 2
2 2
2 3
1 2
113 3 2
31 1
42 2
91 2
3 294 2
2 133
2 29
2 136
64 245 2
5 28
17 9
22 240
188 227 2
88 218
74 176
70 79
4 4 2
2 4
4 1
4 3
19 3 2
4 3
18 3
18 1
3 3 2
2 1
2 2
3 1
269 115 2
92 59
110 86
73 22
3 20 2
3 18
1 11
1 5
162 171 2
46 128
112 131
4 46
3 3 2
1 1
1 3
3 1
3 132 2
3 96
3 13
3 87
4 4 2
1 1
1 2
2 3
4 4 2
2 1
4 1
2 2
220 28 2
146 21
167 8
27 8
121 289 2
59 80
103 110
28 277
3 3 2
1 1
3 3
1 3
298 116 2
20 54
42 64
181 36
168 75 2
47 3
20 35
4 10
3 23 2
2 7
2 2
3 9
145 23 2
3 20
18 3
8 14
3 257 2
1 233
1 11
1 17
209 244 2
187 202
38 243
193 43
4 3 2
3 1
3 3
4 1
3 3 2
1 3
3 3
2 2
117 3 2
79 2
60 3
18 3
285 188 2
37 170
182 88
284 169
3 3 2
1 2
3 2
2 3
3 3 2
3 3
2 2
2 3
3 3 2
3 1
3 3
1 2
3 10 2
2 10
1 9
3 9
3 276 2
2 102
2 208
2 128
3 3 2
1 1
2 2
3 3
50 3 2
18 1
4 3
15 3
4 3 2
3 2
3 3
1 1
208 228 2
154 183
49 65
124 143
198 3 2
55 1
177 2
71 1
6 146 2
1 103
2 83
2 13
148 210 2
16 80
70 65
148 159
4 4 2
1 2
4 1
3 4
3 98 2
1 12
2 2
1 81
243 3 2
178 2
212 3
233 3
297 3 2
153 2
222 3
27 1
146 243 2
23 40
100 34
118 67
3 3 2
3 3
3 2
2 2
32 233 2
20 29
4 47
23 28
75 212 2
29 10
7 63
14 54
215 67 2
71 56
95 55
88 21
40 39 2
19 1
4 21
33 27
296 3 2
88 1
237 1
65 2
119 182 2
116 43
18 48
79 56
68 37 2
26 6
48 36
37 30
252 3 2
44 1
231 1
8 2
180 160 2
76 144
177 64
151 55
300 5 2
2 3
15 2
300 5
290 279 2
170 194
45 3
137 190
265 137 2
77 70
86 71
17 64
160 224 2
142 112
129 40
64 100
3 4 2
1 4
3 4
3 1
3 4 2
2 2
1 1
1 3
9 238 2
8 156
5 230
4 8
245 3 2
69 2
231 2
54 2
219 103 2
218 24
158 8
111 58
3 39 2
2 13
2 24
1 13
3 95 2
2 67
3 88
1 13
25 65 2
5 10
6 16
7 9
283 219 2
250 155
134 128
240 19
4 3 2
2 3
2 1
2 2
162 87 2
139 87
38 27
130 10
160 149 2
75 15
76 149
22 8
158 3 2
157 1
149 2
34 2
3 3 1
1 1
2 2
58 31 2
28 30
48 20
6 24
3 3 2
3 1
3 2
2 3
120 76 2
19 43
88 14
89 39
174 131 2
26 86
61 8
159 129
3 3 2
1 3
3 2
1 1
4 4 2
1 4
4 4
2 2
3 93 2
2 9
1 51
2 53
225 249 2
178 100
129 202
130 184
3 3 2
3 2
2 2
2 1
3 3 2
3 1
3 2
2 2
3 3 2
1 1
3 3
2 2
3 3 2
3 2
2 3
1 3
3 3 2
1 2
3 3
3 2
96 3 2
40 1
30 1
65 2
226 61 2
118 38
84 50
213 36
3 4 2
3 4
1 2
2 2
132 79 2
20 78
37 42
92 6
104 271 2
20 198
73 242
41 62
4 4 2
2 2
4 2
2 3
174 93 2
18 43
173 13
40 22
3 3 2
2 3
3 3
1 3
212 263 1
12 141
14 66
111 31 2
65 15
35 4
107 5
205 245 1
98 138
192 25
4 3 2
4 3
1 3
3 3
4 4 2
4 4
3 2
3 3
3 3 2
2 3
1 3
3 2
3 276 2
2 25
3 99
3 19
221 21 2
177 11
83 19
210 18
176 3 2
159 3
79 3
42 3
267 136 2
100 69
55 84
242 32
3 296 2
1 145
1 287
1 100
4 3 2
4 1
3 3
2 3
22 3 2
15 2
22 2
19 3
4 3 2
1 2
3 2
3 3
273 291 2
61 163
120 29
231 45
101 3 2
7 2
58 1
16 3
3 3 2
1 3
2 2
1 1
3 4 2
1 2
1 3
3 4
3 4 2
1 1
3 3
2 1
214 294 2
33 287
93 20
172 79
3 4 2
2 1
2 2
1 2
4 4 2
2 3
2 2
4 1
3 3 2
2 1
1 3
2 3
24 34 2
8 26
19 6
16 18
32 3 2
3 3
8 2
9 1
248 275 2
86 128
145 122
16 19
3 3 2
1 3
3 2
2 1
201 177 2
45 174
72 46
197 86
228 3 2
65 2
112 2
207 3
269 3 2
68 3
28 3
76 3
4 3 2
2 1
1 3
2 2
3 3 2
3 2
3 1
1 3
3 3 2
2 3
2 2
3 3
180 3 2
42 3
180 2
88 2
3 3 2
3 3
1 3
1 2
3 3 2
2 3
3 1
1 2
4 271 2
2 236
3 168
3 89
265 279 2
147 63
81 114
59 273
4 4 2
2 3
2 4
4 3
127 274 2
60 98
90 146
37 9
226 209 2
148 7
177 8
222 185
3 3 2
3 3
2 1
2 2
160 77 2
156 58
106 65
56 49
142 5 2
126 5
29 1
49 2
3 4 2
2 3
2 1
2 2
3 3 2
2 3
1 1
2 1
250 169 2
74 30
35 60
115 56
4 3 2
4 2
1 1
3 1
3 3 2
1 3
2 3
2 2
4 4 2
1 1
3 4
4 4
3 4 2
2 3
3 2
3 1
83 219 2
62 168
55 10
79 219
3 3 2
3 3
2 2
1 2
3 3 2
3 1
2 1
1 1
3 53 2
1 31
2 42
1 23
4 3 2
3 3
4 1
4 3
168 21 2
163 10
97 9
138 21
193 256 2
35 122
93 50
23 99
223 3 2
223 2
154 3
99 3
3 3 2
1 2
3 1
3 2
3 4 2
3 1
2 1
1 3
4 4 2
1 3
1 4
4 1
3 3 2
1 1
3 1
1 2
255 81 2
74 12
4 67
27 50
3 173 2
3 22
2 139
2 87
4 4 2
1 3
1 1
2 1
4 4 2
3 4
2 1
3 1
3 3 2
1 3
2 2
1 1
3 102 2
2 75
3 32
1 100
3 3 2
1 2
2 3
2 2
3 3 2
1 3
2 3
3 1
135 219 2
82 197
62 100
7 29
198 3 2
7 1
50 1
103 1
124 45 2
18 33
89 41
73 25
23 3 2
3 2
8 3
21 2
115 154 2
66 71
37 112
39 20
3 3 2
3 2
1 1
3 3
4 3 2
2 1
3 2
4 3
280 58 2
41 14
270 57
220 10
4 3 2
4 3
1 3
2 3
241 3 2
24 1
88 3
194 2
70 6 2
16 1
47 6
68 1
4 4 2
4 1
4 4
2 1
72 300 2
38 228
56 46
44 66
6 34 2
2 26
1 19
4 10
3 3 2
3 1
2 3
1 1
4 3 2
2 2
2 3
3 2
46 3 2
5 2
39 3
20 1
3 3 2
1 2
2 3
1 3
3 3 2
1 3
1 2
1 1
3 95 2
1 71
1 53
1 77
3 3 2
3 2
1 1
2 1
41 3 2
24 1
36 1
21 1
58 258 2
2 45
38 106
53 90
67 25 2
32 10
66 3
21 18
110 245 2
78 22
44 102
70 175
3 3 2
1 1
3 3
1 3
4 4 2
3 4
1 3
3 2
4 4 2
4 2
2 1
3 4
3 3 2
3 2
1 2
2 3
27 222 2
16 173
14 97
2 196
259 179 2
141 162
185 106
101 127
4 4 2
4 4
1 1
3 3
3 4 2
3 1
3 4
2 2
296 274 2
51 41
222 49
211 168
300 300 2
1 1
1 3
3 1
4 3 2
3 1
1 1
3 3
160 192 2
84 182
59 96
75 184
3 3 2
3 2
1 3
2 2
3 4 2
3 2
1 2
2 2
4 4 2
4 3
2 3
2 1
8 8 2
8 1
8 8
1 1
233 115 2
229 36
199 97
2 25
269 137 2
56 102
67 65
73 79
3 3 2
2 3
3 2
3 3
191 3 2
48 3
12 2
154 2
267 141 2
37 110
151 96
107 43
3 4 2
2 4
1 2
3 3
3 187 2
2 63
1 22
2 78
3 3 2
3 3
3 1
3 2
186 263 2
90 115
175 74
38 165
3 33 2
3 7
1 18
2 29
3 4 2
3 2
2 4
1 3
4 4 2
4 2
2 3
2 4
63 165 2
45 1
26 71
34 83
300 5 2
2 3
15 2
300 5
4 3 2
4 2
1 1
3 2
117 62 2
77 38
48 42
40 45
20 272 2
7 12
12 50
20 140
3 3 2
3 2
1 2
2 1
3 3 2
1 1
3 1
2 2
4 4 2
4 3
1 3
2 3
4 3 2
1 2
4 1
2 1
8 8 2
8 1
8 8
1 1
221 169 2
167 36
77 132
59 98
3 3 2
3 1
2 3
1 2
4 3 2
4 2
1 1
2 1
136 3 2
125 1
21 3
52 2
130 157 2
128 13
47 99
31 19
17 3 2
11 2
17 3
13 3
4 4 2
1 2
1 3
1 4
4 3 2
4 3
2 3
1 2
4 4 2
1 4
1 2
3 4
3 3 2
3 1
1 3
2 1
200 84 2
116 7
187 20
69 46
4 4 2
3 2
3 1
4 2
3 4 2
2 2
3 4
1 4
3 120 2
1 3
2 12
1 34
214 3 2
101 2
68 3
85 2
3 97 2
1 67
3 9
2 27
158 34 2
135 16
61 7
66 11
166 168 2
32 44
25 139
27 129
285 209 2
182 20
125 50
228 189
161 74 2
130 30
80 12
70 47
231 3 2
50 3
212 2
116 3
284 3 2
264 1
245 2
217 1
196 284 2
166 92
88 177
39 240
4 3 2
4 1
3 2
4 3
55 53 2
48 42
39 31
29 10
3 3 2
3 1
3 3
2 1
3 3 2
2 3
1 1
2 1
268 3 2
251 2
170 2
158 3
4 4 2
3 3
2 4
2 2
3 3 2
1 1
2 1
3 1
3 3 2
1 3
2 3
3 1
44 170 2
9 42
25 61
42 46
4 4 2
1 4
4 4
2 2
137 283 2
112 25
93 98
91 128
268 149 2
23 79
91 30
159 19
126 3 2
47 1
42 3
62 3
256 24 2
75 4
54 13
252 23
3 3 2
2 1
1 1
1 3
3 3 2
3 2
2 3
1 1
4 3 2
4 1
4 3
3 3
4 3 2
4 1
3 2
1 1
3 3 2
1 3
2 3
3 2
89 167 2
40 38
71 158
57 105
3 3 2
2 3
2 2
1 1
3 256 2
3 162
3 208
2 250
3 274 2
3 150
2 241
3 253
3 3 2
2 1
2 2
3 3
3 4 2
1 4
3 2
2 3
69 68 2
9 23
26 16
9 44
281 3 2
104 3
271 3
40 3
3 106 2
3 61
1 89
1 15
4 3 2
4 3
3 1
4 1
298 35 2
61 20
83 34
66 34
3 3 2
2 2
1 3
1 1
4 4 2
3 2
4 1
1 3
173 44 2
143 12
80 26
129 22
3 23 2
2 20
2 21
1 2
3 191 2
3 184
2 46
1 113
3 3 2
1 1
2 1
3 2
3 3 2
2 1
3 3
1 1
3 3 2
3 2
2 1
3 1
143 241 2
120 104
126 109
29 55
4 3 2
2 1
3 1
2 2
296 79 2
158 66
257 62
100 19
4 4 2
4 2
2 1
1 2
135 109 2
26 108
35 44
133 76
3 193 2
1 69
1 37
3 181
3 3 2
3 3
3 1
1 3
205 107 2
90 3
195 13
80 103
3 3 2
3 1
2 3
3 3
4 4 2
2 2
3 1
4 4
3 3 2
3 1
2 3
1 3
3 37 2
3 29
3 35
3 4
296 231 2
220 166
98 17
194 46
3 3 2
1 3
3 2
1 2
190 195 2
71 146
82 8
37 161
112 184 2
92 11
83 139
104 22
4 4 2
1 3
4 4
2 4
4 4 2
2 3
3 4
4 2
4 4 2
3 3
2 4
1 4
4 3 2
4 2
3 3
2 3
300 187 2
288 42
78 11
107 58
3 3 2
2 1
1 3
2 3
3 3 2
2 2
3 2
2 3
94 3 2
35 3
42 1
69 2
3 3 2
3 2
2 2
1 1
88 83 2
66 62
69 43
25 57
84 139 2
54 68
84 35
67 65
244 3 2
220 2
182 2
60 1
3 159 2
1 116
2 89
2 101
4 4 2
4 2
3 3
4 1
276 3 2
246 1
145 2
41 3
4 4 2
1 3
3 2
3 4
48 230 2
5 227
26 141
6 110
3 3 2
3 2
3 3
1 3
3 4 2
3 4
2 1
3 3
13 117 2
8 84
9 65
7 47
114 263 2
53 113
41 134
1 223
271 30 2
34 1
210 19
197 20
74 205 2
73 168
9 85
28 80
134 195 2
95 91
74 21
55 111
33 3 2
10 2
10 1
9 3
74 3 2
3 1
62 2
27 3
276 170 2
129 148
191 114
39 63
4 4 2
2 3
2 4
2 1
3 3 2
1 2
2 1
3 1
60 226 2
54 30
47 205
15 45
95 157 2
38 143
71 37
10 59
4 4 2
1 2
4 4
3 1
104 93 2
5 43
16 72
41 59
4 4 2
3 2
2 1
2 2
3 3 2
3 2
1 1
2 3
225 16 2
93 10
34 5
146 5
226 79 2
221 28
158 37
158 42
3 3 2
2 3
2 2
2 1
65 292 2
51 78
11 228
47 191
122 234 2
118 21
107 39
17 21
3 3 2
1 1
2 1
2 2
3 3 2
3 3
2 1
2 2
3 3 2
1 1
2 1
3 3
103 297 2
70 292
61 170
13 3
3 4 2
1 4
1 3
3 4
4 4 2
1 2
4 3
2 1
242 173 2
210 29
94 76
144 64
287 89 2
203 36
127 72
233 67
3 261 2
2 207
1 163
1 220
296 63 2
5 30
78 47
40 32
37 148 2
31 148
14 23
31 92
4 3 2
1 2
3 2
1 1
141 267 2
131 38
1 215
3 95
4 3 2
4 2
3 3
3 2
3 130 2
2 1
2 91
2 8
20 3 2
4 1
17 2
8 2
31 224 2
27 151
13 176
31 74
144 3 2
89 3
100 3
129 1
291 211 2
208 67
155 167
81 199
82 3 2
20 3
51 3
16 3
3 13 2
2 11
3 7
3 8
3 3 2
1 1
1 3
3 1
47 3 2
46 3
2 3
36 2
228 74 2
165 60
155 6
100 47
199 288 2
190 109
125 55
178 116
3 3 2
2 2
1 2
1 3
4 4 2
4 4
2 2
4 2
270 157 2
179 16
56 122
41 81
3 3 2
3 2
2 3
2 2
255 59 2
32 50
204 38
216 4
4 4 2
4 3
3 3
3 1
116 180 2
88 84
50 38
29 131
4 3 2
2 3
2 2
2 1
3 3 2
3 1
1 2
2 2
226 3 2
23 1
182 1
6 2
111 3 2
6 1
2 1
33 2
4 4 2
1 2
3 1
4 3
3 3 2
3 2
1 3
1 1
258 3 2
163 3
211 2
191 3
4 4 2
3 3
2 2
1 4
168 157 2
27 14
154 68
46 114
299 3 2
9 2
217 2
138 2
3 294 2
2 139
2 81
2 220
217 9 2
213 5
194 9
114 4
3 90 2
2 32
3 52
3 31
153 285 2
10 36
90 263
121 210
300 300 2
1 1
1 2
2 1
4 3 2
1 2
4 2
1 3
4 4 2
1 3
3 2
2 4
104 3 2
47 1
64 2
79 1
3 3 2
2 2
3 3
1 3
